d<-78+79
e<-98+99

